800
123456
25648532
125648215
12345678
2564
1242324
5245252
254256
542452652
256485322
55242
245124642
23423262453
6262562
52456356363
4536554745
23424654
23422656363
23424363
545365763
46537553453
4365373
356376356356
356373
36357373
3452562745467
123456
25648532
125648215
12345678
2564
1242324
5245252
254256
542452652
256485322
55242
245124642
23423262453
6262562
52456356363
4536554745
23424654
23422656363
23424363
545365763
46537553453
4365373
356376356356
356373
36357373
3452562745467
2337
123456
25648532
125648215
12345678
2564
1242324
5245252
254256
542452652
256485322
55242
245124642
23423262453
6262562
52456356363
4536554745
23424654
23422656363
23424363
545365763
46537553453
4365373
356376356356
356373
36357373
3452562745467
2337
123456
25648532
125648215
12345678
2564
1242324
5245252
254256
542452652
256485322
55242
245124642
23423262453
6262562
52456356363
4536554745
23424654
23422656363
23424363
545365763
46537553453
4365373
356376356356
356373
36357373
3452562745467
2337
123456
25648532
125648215
12345678
2564
1242324
5245252
254256
542452652
256485322
55242
245124642
23423262453
6262562
52456356363
4536554745
23424654
23422656363
23424363
545365763
46537553453
4365373
356376356356
356373
36357373
3452562745467
2337
123456
25648532
125648215
12345678
2564
1242324
5245252
254256
542452652
256485322
55242
245124642
23423262453
6262562
52456356363
4536554745
23424654
23422656363
23424363
545365763
46537553453
4365373
356376356356
356373
36357373
3452562745467
2337
123456
25648532
125648215
12345678
2564
1242324
5245252
254256
542452652
256485322
55242
245124642
23423262453
6262562
52456356363
4536554745
23424654
23422656363
23424363
545365763
46537553453
4365373
356376356356
356373
36357373
3452562745467
2337
123456
25648532
125648215
12345678
2564
1242324
5245252
254256
542452652
256485322
55242
245124642
23423262453
6262562
52456356363
4536554745
23424654
23422656363
23424363
545365763
46537553453
4365373
356376356356
356373
36357373
3452562745467
2337
123456
25648532
125648215
12345678
2564
1242324
5245252
254256
542452652
256485322
55242
245124642
23423262453
6262562
52456356363
4536554745
23424654
23422656363
23424363
545365763
46537553453
4365373
356376356356
356373
36357373
3452562745467
2337
123456
25648532
125648215
12345678
2564
1242324
5245252
254256
542452652
256485322
55242
245124642
23423262453
6262562
52456356363
4536554745
23424654
23422656363
23424363
545365763
46537553453
4365373
356376356356
356373
36357373
3452562745467
2337
123456
25648532
125648215
12345678
2564
1242324
5245252
254256
542452652
256485322
55242
245124642
23423262453
6262562
52456356363
4536554745
23424654
23422656363
23424363
545365763
46537553453
4365373
356376356356
356373
36357373
3452562745467
2337
123456
25648532
125648215
12345678
2564
1242324
5245252
254256
542452652
256485322
55242
245124642
23423262453
6262562
52456356363
4536554745
23424654
23422656363
23424363
545365763
46537553453
4365373
356376356356
356373
36357373
3452562745467
2337
123456
25648532
125648215
12345678
2564
1242324
5245252
254256
542452652
256485322
55242
245124642
23423262453
6262562
52456356363
4536554745
23424654
23422656363
23424363
545365763
46537553453
4365373
356376356356
356373
36357373
3452562745467
2337
123456
25648532
125648215
12345678
2564
1242324
5245252
254256
542452652
256485322
55242
245124642
23423262453
6262562
52456356363
4536554745
23424654
23422656363
23424363
545365763
46537553453
4365373
356376356356
356373
36357373
3452562745467
2337
123456
25648532
125648215
12345678
2564
1242324
5245252
254256
542452652
256485322
55242
245124642
23423262453
6262562
52456356363
4536554745
23424654
23422656363
23424363
545365763
46537553453
4365373
356376356356
356373
36357373
3452562745467
2337
123456
25648532
125648215
12345678
2564
1242324
5245252
254256
542452652
256485322
55242
245124642
23423262453
6262562
52456356363
4536554745
23424654
23422656363
23424363
545365763
46537553453
4365373
356376356356
356373
36357373
3452562745467
2337
123456
25648532
125648215
12345678
2564
1242324
5245252
254256
542452652
256485322
55242
245124642
23423262453
6262562
52456356363
4536554745
23424654
23422656363
23424363
545365763
46537553453
4365373
356376356356
356373
36357373
3452562745467
2337
123456
25648532
125648215
12345678
2564
1242324
5245252
254256
542452652
256485322
55242
245124642
23423262453
6262562
52456356363
4536554745
23424654
23422656363
23424363
545365763
46537553453
4365373
356376356356
356373
36357373
3452562745467
2337
123456
25648532
125648215
12345678
2564
1242324
5245252
254256
542452652
256485322
55242
245124642
23423262453
6262562
52456356363
4536554745
23424654
23422656363
23424363
545365763
46537553453
4365373
356376356356
356373
36357373
3452562745467
2337
123456
25648532
125648215
12345678
2564
1242324
5245252
254256
542452652
256485322
55242
245124642
23423262453
6262562
52456356363
4536554745
23424654
23422656363
23424363
545365763
46537553453
4365373
356376356356
356373
36357373
3452562745467
2337
123456
25648532
125648215
12345678
2564
1242324
5245252
254256
542452652
256485322
55242
245124642
23423262453
6262562
52456356363
4536554745
23424654
23422656363
23424363
545365763
46537553453
4365373
356376356356
356373
36357373
3452562745467
2337
123456
25648532
125648215
12345678
2564
1242324
5245252
254256
542452652
256485322
55242
245124642
23423262453
6262562
52456356363
4536554745
23424654
23422656363
23424363
545365763
46537553453
4365373
356376356356
356373
36357373
3452562745467
2337
123456
25648532
125648215
12345678
2564
1242324
5245252
254256
542452652
256485322
55242
245124642
23423262453
6262562
52456356363
4536554745
23424654
23422656363
23424363
545365763
46537553453
4365373
356376356356
356373
36357373
3452562745467
2337
123456
25648532
125648215
12345678
2564
1242324
5245252
254256
542452652
256485322
55242
245124642
23423262453
6262562
52456356363
4536554745
23424654
23422656363
23424363
545365763
46537553453
4365373
356376356356
356373
36357373
3452562745467
2337
123456
25648532
125648215
12345678
2564
1242324
5245252
254256
542452652
256485322
55242
245124642
23423262453
6262562
52456356363
4536554745
23424654
23422656363
23424363
545365763
46537553453
4365373
356376356356
356373
36357373
3452562745467
2337
123456
25648532
125648215
12345678
2564
1242324
5245252
254256
542452652
256485322
55242
245124642
23423262453
6262562
52456356363
4536554745
23424654
23422656363
23424363
545365763
46537553453
4365373
356376356356
356373
36357373
3452562745467
2337
123456
25648532
125648215
12345678
2564
1242324
5245252
254256
542452652
256485322
55242
245124642
23423262453
6262562
52456356363
4536554745
23424654
23422656363
23424363
545365763
46537553453
4365373
356376356356
356373
36357373
3452562745467
2337
123456
25648532
125648215
12345678
2564
1242324
5245252
254256
542452652
256485322
55242
245124642
23423262453
6262562
52456356363
4536554745
23424654
23422656363
23424363
545365763
46537553453
4365373
356376356356
356373
36357373
3452562745467
2337
123456
25648532
125648215
12345678
2564
1242324
5245252
254256
542452652
256485322
55242
245124642
23423262453
6262562
52456356363
4536554745
23424654
23422656363
23424363
545365763
46537553453
4365373
356376356356
356373
36357373
3452562745467
2337
123456
25648532
125648215
12345678
2564
1242324
5245252
254256
542452652
256485322
55242
245124642
23423262453
6262562
52456356363
4536554745
23424654
23422656363
23424363
545365763
46537553453
4365373
356376356356
356373
36357373
3452562745467
2337
123456
25648532
125648215
12345678
2564
1242324
5245252
254256
542452652
256485322
55242
245124642
23423262453
6262562
52456356363
4536554745
23424654
23422656363
23424363
545365763
46537553453
4365373
356376356356
356373
36357373
3452562745467
2337
123456
25648532
125648215
12345678
2564
1242324
5245252
254256
542452652
256485322
55242
245124642
23423262453
6262562
52456356363
4536554745
23424654
23422656363
23424363
545365763
46537553453
4365373
356376356356
356373
36357373
3452562745467
2337
123456
25648532
125648215
12345678
2564
1242324
5245252
254256
542452652
256485322
55242
245124642
23423262453
6262562
52456356363
4536554745
23424654
23422656363
23424363
545365763
46537553453
4365373
356376356356
356373
36357373
3452562745467
2337
